0 0.8207 0.3335 0.7822 0.3413 0.8378 0.418 0.7993 0.4258
0 0.4002 0.2509 0.3934 0.2172 0.3217 0.2669 0.3149 0.2332
0 0.9124 0.8397 0.8728 0.8456 0.9257 0.9293 0.8862 0.9352
0 0.8476 0.4976 0.8119 0.5068 0.8688 0.58 0.8332 0.5892
0 0.6191 0.2132 0.6121 0.175 0.5273 0.2302 0.5202 0.192
0 0.5053 0.2293 0.4989 0.1908 0.4054 0.246 0.399 0.2075
4 0.8756 0.592 0.8297 0.5988 0.8899 0.6882 0.844 0.695
0 0.9425 0.6641 0.9032 0.6703 0.9567 0.7534 0.9173 0.7596
0 0.1943 0.2871 0.1889 0.2509 0.1035 0.3006 0.0981 0.2644
0 0.3076 0.2706 0.3017 0.2317 0.2134 0.2847 0.2076 0.2458
0 0.8942 0.7288 0.8554 0.7338 0.9055 0.8149 0.8666 0.82
0 0.6408 0.0932 0.6345 0.0547 0.5506 0.108 0.5443 0.0694
0 0.4521 0.1855 0.4446 0.1443 0.3633 0.2016 0.3558 0.1604
0 0.8781 0.1027 0.8725 0.0651 0.7893 0.116 0.7837 0.0784
0 0.2565 0.1439 0.2492 0.106 0.1681 0.1608 0.1608 0.1229
