0 0.94 0.4657 0.8987 0.4727 0.954 0.5483 0.9127 0.5553
0 0.6852 0.485 0.6434 0.4914 0.6986 0.5721 0.6567 0.5785
0 0.9068 0.6995 0.8693 0.7052 0.9204 0.7893 0.8829 0.795
0 0.6572 0.3542 0.6198 0.3613 0.6731 0.4382 0.6356 0.4452
0 0.7094 0.2204 0.6694 0.228 0.7255 0.3058 0.6855 0.3134
0 0.7772 0.6828 0.7392 0.6885 0.7906 0.7715 0.7526 0.7772
0 0.7384 0.3993 0.6995 0.406 0.7545 0.4931 0.7155 0.4998
0 0.9037 0.2473 0.8651 0.2538 0.9187 0.3358 0.8801 0.3423
0 0.641 0.2424 0.6009 0.2485 0.6548 0.3319 0.6146 0.338
0 0.9191 0.3521 0.8801 0.3587 0.9343 0.4422 0.8954 0.4488
0 0.5926 0.9625 0.5868 0.9239 0.5097 0.9749 0.5039 0.9363
0 0.7599 0.5476 0.7217 0.5532 0.7733 0.6398 0.7351 0.6454
0 0.6144 0.0998 0.5763 0.107 0.6283 0.1736 0.5902 0.1808
0 0.6988 0.6073 0.6602 0.6146 0.7146 0.6911 0.6761 0.6983
0 0.6891 0.0817 0.6482 0.0902 0.7068 0.167 0.6659 0.1755
0 0.8396 0.6665 0.8006 0.6731 0.8551 0.758 0.8161 0.7646
0 0.8701 0.0595 0.833 0.0678 0.889 0.1439 0.8519 0.1522
0 0.4786 0.9862 0.4741 0.9467 0.3839 0.997 0.3794 0.9574
0 0.7882 0.2901 0.7505 0.2945 0.798 0.374 0.7603 0.3785
