0 0.6433 0.0421 0.6366 0.0072 0.5652 0.0572 0.5585 0.0223
0 0.0716 0.2862 0.0344 0.2924 0.0859 0.3721 0.0487 0.3782
0 0.0914 0.3919 0.0538 0.3975 0.103 0.47 0.0654 0.4756
0 0.1358 0.6714 0.0988 0.6802 0.1553 0.7531 0.1184 0.762
0 0.1577 0.7681 0.1201 0.7737 0.1691 0.8449 0.1315 0.8505
0 0.5342 0.0668 0.5284 0.0257 0.4521 0.0783 0.4464 0.0372
0 0.1725 0.8708 0.133 0.8788 0.1905 0.9594 0.151 0.9674
0 0.4142 0.0837 0.409 0.0461 0.3283 0.0957 0.3231 0.0581
0 0.1217 0.5724 0.0861 0.5777 0.1347 0.6594 0.0991 0.6647
0 0.305 0.0993 0.2977 0.0616 0.2196 0.1158 0.2123 0.0781
